Approach	PrunedMSM	PrunedMSM_DA	PMSMSearch with LB_Sorted	PMSMSearch with LB_Sorted2	DTW	PMSMSearch with Sakoe 1	PMSMSearch with Sakoe 5	PMSMSearch with Sakoe 10	PMSMSearch with Sakoe 20	PMSMSearch with Sakoe 50	PMSMSearch with LBKIm 5	PMSMSearch with LBKIm 10	PMSMSearch with LBKIm 20	PMSMSearch with LBKIm 50	PMSMSearch with LBSakoeTree5	PMSMSearch with LBSakoeTree10	PMSMSearch with LBSakoeTree20	PMSMSearch with LBSakoeTree50	PMSMSearch with Itakura 0.95	PMSMSearch with Itakura 0.9	PMSMSearch with Itakura 0.8	PMSMSearch with Itakura 0.5	PMSMSearch with LB_EDCost	PMSMSearch with LB_EDCost2	PMSMSearch with LB_EDCost3
Adiac	0.626598	0.626598	0.626598	0.626598	0.6036	0.608696	0.624041	0.626598	0.626598	0.626598	0.626598	0.626598	0.626598	0.626598	0.626598	0.626598	0.626598	0.626598	0.398977	0.368286	0.460358	0.639386	0.590793	0.588235	0.626598
ArrowHead	0.777143	0.777143	0.777143	0.777143	0.7029	0.771429	0.800000	0.794286	0.777143	0.777143	0.777143	0.777143	0.777143	0.777143	0.777143	0.777143	0.777143	0.777143	0.771429	0.737143	0.800000	0.777143	0.771429	0.760000	0.782857
Beef	0.600000	0.600000	0.600000	0.600000	0.6333	0.600000	0.600000	0.600000	0.600000	0.600000	0.600000	0.600000	0.600000	0.600000	0.600000	0.600000	0.600000	0.600000	0.600000	0.600000	0.666667	0.633333	0.533333	0.600000	0.600000
BeetleFly	0.700000	0.700000	0.700000	0.700000	0.7	0.600000	0.750000	0.700000	0.700000	0.700000	0.700000	0.700000	0.700000	0.700000	0.700000	0.700000	0.700000	0.700000	0.650000	0.700000	0.750000	0.650000	0.500000	0.700000	0.650000
BirdChicken	0.850000	0.850000	0.850000	0.850000	0.75	0.600000	0.900000	0.850000	0.850000	0.850000	0.850000	0.850000	0.850000	0.850000	0.850000	0.850000	0.850000	0.850000	0.700000	0.800000	0.850000	0.900000	0.650000	0.850000	0.850000
Car	0.850000	0.850000	0.850000	0.850000	0.7333	0.800000	0.866667	0.850000	0.850000	0.850000	0.850000	0.850000	0.850000	0.850000	0.850000	0.850000	0.850000	0.850000	0.783333	0.800000	0.833333	0.866667	0.716667	0.683333	0.866667
CBF	0.993333	0.993333	0.993333	0.993333	0.9967	0.880000	0.982222	0.992222	0.993333	0.993333	0.993333	0.993333	0.993333	0.993333	0.993333	0.993333	0.993333	0.993333	0.875556	0.963333	0.980000	0.992222	0.993333	0.993333	0.993333
ChlorineConcentration	0.627344	0.627344	0.627344	0.627344	0.6484	0.627344	0.627344	0.627344	0.627344	0.627344	0.627344	0.627344	0.627344	0.627344	0.627344	0.627344	0.627344	0.627344	0.636198	0.352604	0.628646	0.627083	0.627344	0.627344	0.627344
CinCECGTorso	0.836957	0.836957	0.836957	0.836957	0.6507	0.851449	0.846377	0.834783	0.836957	0.836957	0.836957	0.836957	0.836957	0.836957	0.836957	0.836957	0.836957	0.836957	0.857971	0.857971	0.834783	0.834783	0.844928	0.836957	0.836957
Coffee	0.928571	0.928571	0.928571	0.928571	1	0.928571	0.928571	0.928571	0.928571	0.928571	0.928571	0.928571	0.928571	0.928571	0.928571	0.928571	0.928571	0.928571	0.928571	0.964286	0.964286	0.928571	0.928571	0.928571	0.928571
Computers	0.560000	0.560000	0.560000	0.560000	0.7	0.540000	0.552000	0.544000	0.560000	0.560000	0.560000	0.560000	0.560000	0.560000	0.560000	0.560000	0.560000	0.560000	0.504000	0.540000	0.572000	0.564000	0.556000	0.560000	0.560000
CricketX	0.756410	0.756410	0.756410	0.756410	0.7538	0.605128	0.687179	0.756410	0.756410	0.756410	0.756410	0.756410	0.756410	0.756410	0.756410	0.756410	0.756410	0.756410	0.605128	0.646154	0.689744	0.730769	0.751282	0.756410	0.756410
CricketY	0.776923	0.776923	0.776923	0.776923	0.7436	0.607692	0.728205	0.758974	0.774359	0.776923	0.776923	0.776923	0.776923	0.776923	0.776923	0.776923	0.776923	0.776923	0.623077	0.676923	0.710256	0.728205	0.771795	0.776923	0.776923
CricketZ	0.764103	0.764103	0.764103	0.764103	0.7538	0.576923	0.700000	0.756410	0.764103	0.764103	0.764103	0.764103	0.764103	0.764103	0.764103	0.764103	0.764103	0.764103	0.612821	0.658974	0.710256	0.730769	0.764103	0.764103	0.764103
DiatomSizeReduction	0.954248	0.954248	0.954248	0.954248	0.9673	0.950980	0.950980	0.950980	0.950980	0.954248	0.954248	0.954248	0.954248	0.954248	0.954248	0.954248	0.954248	0.954248	0.879085	0.767974	0.937908	0.950980	0.928105	0.934641	0.954248
DistalPhalanxOutlineAgeGroup	0.712230	0.712230	0.712230	0.712230	0.7698	0.640288	0.712230	0.712230	0.712230	0.712230	0.712230	0.712230	0.712230	0.712230	0.712230	0.712230	0.712230	0.712230	0.618705	0.640288	0.647482	0.712230	0.712230	0.712230	0.712230
DistalPhalanxOutlineCorrect	0.710145	0.710145	0.710145	0.710145	0.7174	0.641304	0.710145	0.710145	0.710145	0.710145	0.710145	0.710145	0.710145	0.710145	0.710145	0.710145	0.710145	0.710145	0.648551	0.652174	0.673913	0.728261	0.739130	0.731884	0.710145
DistalPhalanxTW	0.618705	0.618705	0.618705	0.618705	0.5899	0.553957	0.618705	0.618705	0.618705	0.618705	0.618705	0.618705	0.618705	0.618705	0.618705	0.618705	0.618705	0.618705	0.604317	0.553957	0.575540	0.618705	0.611511	0.618705	0.618705
Earthquakes	0.719424	0.719424	0.719424	0.719424	0.7194	0.690647	0.719424	0.719424	0.719424	0.719424	0.719424	0.719424	0.719424	0.719424	0.719424	0.719424	0.719424	0.719424	0.741007	0.669065	0.712230	0.726619	0.719424	0.719424	0.719424
ECG200	0.850000	0.850000	0.850000	0.850000	0.77	0.780000	0.870000	0.850000	0.850000	0.850000	0.850000	0.850000	0.850000	0.850000	0.850000	0.850000	0.850000	0.850000	0.880000	0.860000	0.860000	0.860000	0.870000	0.860000	0.850000
ECG5000	0.930444	0.930444	0.930444	0.930444	0.9244	0.925778	0.930667	0.930000	0.930889	0.930444	0.930444	0.930444	0.930444	0.930444	0.930444	0.930444	0.930444	0.930444	0.926444	0.927778	0.928889	0.925556	0.933333	0.930444	0.930444
ECGFiveDays	0.835075	0.835075	0.835075	0.835075	0.7677	0.799071	0.844367	0.835075	0.835075	0.835075	0.835075	0.835075	0.835075	0.835075	0.835075	0.835075	0.835075	0.835075	0.825784	0.824623	0.825784	0.828107	0.760743	0.833914	0.835075
ElectricDevices	0.648165	0.649202	0.649202	0.646868	0.6012	0.432369	0.604591	0.644404	0.649202	0.649202	0.649202	0.649202	0.649202	0.649202	0.649202	0.649202	0.649202	0.649202	0.527428	0.571910	0.614836	0.640773	0.648424	0.649202	0.648424
FaceAll	0.813018	0.813018	0.813018	0.813018	0.8077	0.732544	0.810059	0.813609	0.813018	0.813018	0.813018	0.813018	0.813018	0.813018	0.813018	0.813018	0.813018	0.813018	0.740828	0.784024	0.800592	0.808284	0.792899	0.813018	0.813018
FaceFour	0.943182	0.943182	0.943182	0.943182	0.8295	0.931818	0.943182	0.943182	0.943182	0.943182	0.943182	0.943182	0.943182	0.943182	0.943182	0.943182	0.943182	0.943182	0.954545	0.931818	0.954545	0.931818	0.931818	0.943182	0.943182
FacesUCR	0.970244	0.970244	0.970244	0.970244	0.9049	0.823902	0.961463	0.969756	0.970244	0.970244	0.970244	0.970244	0.970244	0.970244	0.970244	0.970244	0.970244	0.970244	0.821951	0.875122	0.927317	0.953659	0.947317	0.970244	0.969756
FiftyWords	0.813187	0.813187	0.813187	0.813187	0.6901	0.679121	0.793407	0.817582	0.813187	0.813187	0.813187	0.813187	0.813187	0.813187	0.813187	0.813187	0.813187	0.813187	0.707692	0.731868	0.791209	0.786813	0.738462	0.810989	0.813187
Fish	0.920000	0.920000	0.920000	0.920000	0.8229	0.868571	0.914286	0.920000	0.920000	0.920000	0.920000	0.920000	0.920000	0.920000	0.920000	0.920000	0.920000	0.920000	0.851429	0.891429	0.908571	0.920000	0.708571	0.754286	0.902857
FordA	0.674242	0.674242	0.674242	0.674242	0.5545	0.689394	0.680303	0.672727	0.674242	0.674242	0.674242	0.674242	0.674242	0.674242	0.674242	0.674242	0.674242	0.674242	0.638636	0.631818	0.641667	0.636364	0.671970	0.674242	0.682576
FordB	0.651852	0.651852	0.651852	0.651852	0.6198	0.630864	0.635802	0.649383	0.651852	0.651852	0.651852	0.651852	0.651852	0.651852	0.651852	0.651852	0.651852	0.651852	0.630864	0.619753	0.625926	0.639506	0.609877	0.651852	0.630864
GunPoint	0.973333	0.973333	0.973333	0.973333	0.9067	0.946667	0.973333	0.973333	0.973333	0.973333	0.973333	0.973333	0.973333	0.973333	0.973333	0.973333	0.973333	0.973333	0.946667	0.960000	0.966667	0.973333	0.946667	0.946667	0.973333
Ham	0.600000	0.600000	0.600000	0.600000	0.4667	0.552381	0.600000	0.600000	0.600000	0.600000	0.600000	0.600000	0.600000	0.600000	0.600000	0.600000	0.600000	0.600000	0.561905	0.552381	0.590476	0.609524	0.580952	0.600000	0.600000
HandOutlines	0.878378	0.878378	0.878378	0.878378	0.8811	0.878378	0.878378	0.878378	0.878378	0.878378	0.878378	0.878378	0.878378	0.878378	0.878378	0.878378	0.878378	0.878378	0.886486	0.881081	0.875676	0.875676	0.881081	0.854054	0.878378
Haptics	0.464286	0.464286	0.464286	0.464286	0.3766	0.363636	0.441558	0.467532	0.464286	0.464286	0.464286	0.464286	0.464286	0.464286	0.464286	0.464286	0.464286	0.464286	0.402597	0.415584	0.448052	0.461039	0.383117	0.392857	0.457792
Herring	0.625000	0.625000	0.625000	0.625000	0.5312	0.593750	0.625000	0.625000	0.625000	0.625000	0.625000	0.625000	0.625000	0.625000	0.625000	0.625000	0.625000	0.625000	0.531250	0.609375	0.578125	0.625000	0.546875	0.468750	0.625000
InlineSkate	0.456364	0.456364	0.456364	0.456364	0.3836	0.390909	0.452727	0.449091	0.458182	0.456364	0.456364	0.456364	0.456364	0.456364	0.456364	0.456364	0.456364	0.456364	0.383636	0.396364	0.430909	0.436364	0.340000	0.420000	0.458182
InsectWingbeatSound	0.553535	0.553535	0.553535	0.553535	0.3551	0.567172	0.571717	0.554040	0.553535	0.553535	0.553535	0.553535	0.553535	0.553535	0.553535	0.553535	0.553535	0.553535	0.565152	0.573737	0.575758	0.554545	0.549495	0.553535	0.555556
ItalyPowerDemand	0.965015	0.965015	0.965015	0.965015	0.9504	0.656948	0.965015	0.965015	0.965015	0.965015	0.965015	0.965015	0.965015	0.965015	0.965015	0.965015	0.965015	0.965015	0.779397	0.803693	0.907677	0.960155	0.965015	0.965015	0.965015
LargeKitchenAppliances	0.658667	0.658667	0.658667	0.658667	0.7947	0.554667	0.664000	0.658667	0.658667	0.658667	0.658667	0.658667	0.658667	0.658667	0.658667	0.658667	0.658667	0.658667	0.549333	0.632000	0.640000	0.648000	0.658667	0.658667	0.658667
Lightning2	0.868852	0.868852	0.868852	0.868852	0.8689	0.819672	0.868852	0.852459	0.868852	0.868852	0.868852	0.868852	0.868852	0.868852	0.868852	0.868852	0.868852	0.868852	0.819672	0.836066	0.885246	0.868852	0.868852	0.868852	0.868852
Lightning7	0.753425	0.753425	0.753425	0.753425	0.726	0.698630	0.753425	0.739726	0.753425	0.753425	0.753425	0.753425	0.753425	0.753425	0.753425	0.753425	0.753425	0.753425	0.712329	0.753425	0.739726	0.753425	0.753425	0.753425	0.753425
Mallat	0.933902	0.933902	0.933902	0.933902	0.9339	0.923241	0.933902	0.933902	0.933902	0.933902	0.933902	0.933902	0.933902	0.933902	0.933902	0.933902	0.933902	0.933902	0.921109	0.932623	0.932623	0.934755	0.898934	0.921109	0.933902
Meat	0.933333	0.933333	0.933333	0.933333	0.9333	0.933333	0.933333	0.933333	0.933333	0.933333	0.933333	0.933333	0.933333	0.933333	0.933333	0.933333	0.933333	0.933333	0.650000	0.300000	0.933333	0.933333	0.933333	0.933333	0.933333
MedicalImages	0.740789	0.740789	0.740789	0.740789	0.7368	0.556579	0.738158	0.738158	0.740789	0.740789	0.740789	0.740789	0.740789	0.740789	0.740789	0.740789	0.740789	0.740789	0.628947	0.644737	0.703947	0.730263	0.723684	0.740789	0.740789
MiddlePhalanxOutlineAgeGroup	0.512987	0.512987	0.512987	0.512987	0.5	0.519481	0.512987	0.512987	0.512987	0.512987	0.512987	0.512987	0.512987	0.512987	0.512987	0.512987	0.512987	0.512987	0.506494	0.435065	0.487013	0.525974	0.519481	0.525974	0.512987
MiddlePhalanxOutlineCorrect	0.742268	0.742268	0.742268	0.742268	0.6976	0.556701	0.742268	0.742268	0.742268	0.742268	0.742268	0.742268	0.742268	0.742268	0.742268	0.742268	0.742268	0.742268	0.659794	0.701031	0.718213	0.738832	0.745704	0.749141	0.742268
MiddlePhalanxTW	0.551948	0.551948	0.551948	0.551948	0.5065	0.487013	0.551948	0.551948	0.551948	0.551948	0.551948	0.551948	0.551948	0.551948	0.551948	0.551948	0.551948	0.551948	0.512987	0.538961	0.506494	0.551948	0.545455	0.545455	0.551948
MoteStrain	0.890575	0.890575	0.890575	0.890575	0.8347	0.835463	0.897764	0.900160	0.894569	0.890575	0.890575	0.890575	0.890575	0.890575	0.890575	0.890575	0.890575	0.890575	0.883387	0.877796	0.871406	0.870607	0.890575	0.890575	0.890575
NonInvasiveFetalECGThorax2	0.881934	0.881934	0.881934	0.881934	0.8646	0.879898	0.881934	0.881934	0.881934	0.881934	0.881934	0.881934	0.881934	0.881934	0.881934	0.881934	0.881934	0.881934	0.850891	0.870229	0.881934	0.885496	0.852417	0.842239	0.881934
OliveOil	0.833333	0.833333	0.833333	0.833333	0.8333	0.833333	0.833333	0.833333	0.833333	0.833333	0.833333	0.833333	0.833333	0.833333	0.833333	0.833333	0.833333	0.833333	0.833333	0.866667	0.833333	0.833333	0.833333	0.833333	0.833333
OSULeaf	0.752066	0.752066	0.752066	0.752066	0.5909	0.574380	0.690083	0.756198	0.756198	0.752066	0.752066	0.752066	0.752066	0.752066	0.752066	0.752066	0.752066	0.752066	0.566116	0.603306	0.694215	0.739669	0.545455	0.752066	0.698347
PhalangesOutlinesCorrect	0.737762	0.737762	0.737762	0.737762	0.7284	0.588578	0.737762	0.737762	0.737762	0.737762	0.737762	0.737762	0.737762	0.737762	0.737762	0.737762	0.737762	0.737762	0.630536	0.630536	0.716783	0.736597	0.749417	0.747086	0.737762
Phoneme	0.283228	0.283228	0.283228	0.283228	0.2284	0.110232	0.198312	0.233650	0.265295	0.283228	0.283228	0.283228	0.283228	0.283228	0.283228	0.283228	0.283228	0.283228	0.117616	0.138713	0.179852	0.219409	0.261076	0.283228	0.277426
Plane	1.000000	1.000000	1.000000	1.000000	1	0.961905	1.000000	1.000000	1.000000	1	1.000000	1.000000	1.000000	1.000000	1.000000	1.000000	1.000000	1.000000	0.980952	1.000000	1.000000	1.000000	0.961905	1.000000	1.000000
ProximalPhalanxOutlineAgeGroup	0.790244	0.790244	0.790244	0.790244	0.8049	0.702439	0.790244	0.790244	0.790244	0.790244	0.790244	0.790244	0.790244	0.790244	0.790244	0.790244	0.790244	0.790244	0.780488	0.785366	0.785366	0.775610	0.790244	0.790244	0.790244
ProximalPhalanxOutlineCorrect	0.786942	0.786942	0.786942	0.786942	0.7835	0.663230	0.786942	0.786942	0.786942	0.786942	0.786942	0.786942	0.786942	0.786942	0.786942	0.786942	0.786942	0.786942	0.621993	0.632302	0.783505	0.783505	0.783505	0.783505	0.786942
ProximalPhalanxTW	0.702439	0.702439	0.702439	0.702439	0.7561	0.580488	0.702439	0.702439	0.702439	0.702439	0.702439	0.702439	0.702439	0.702439	0.702439	0.702439	0.702439	0.702439	0.731707	0.712195	0.692683	0.717073	0.692683	0.692683	0.702439
RefrigerationDevices	0.472000	0.472000	0.472000	0.472000	0.464	0.488000	0.493333	0.474667	0.472000	0.472000	0.472000	0.472000	0.472000	0.472000	0.472000	0.472000	0.472000	0.472000	0.485333	0.490667	0.466667	0.485333	0.466667	0.472000	0.498667
ScreenType	0.408000	0.408000	0.408000	0.408000	0.3973	0.370667	0.413333	0.416000	0.405333	0.408000	0.408000	0.408000	0.408000	0.408000	0.408000	0.408000	0.408000	0.408000	0.384000	0.410667	0.416000	0.410667	0.402667	0.405333	0.408000
ShapeletSim	0.877778	0.877778	0.877778	0.877778	0.65	0.550000	0.788889	0.866667	0.877778	0.877778	0.877778	0.877778	0.877778	0.877778	0.877778	0.877778	0.877778	0.877778	0.500000	0.583333	0.672222	0.722222	0.877778	0.877778	0.877778
ShapesAll	0.875000	0.875000	0.875000	0.875000	0.7683	0.786667	0.846667	0.856667	0.873333	0.875000	0.875000	0.875000	0.875000	0.875000	0.875000	0.875000	0.875000	0.875000	0.786667	0.813333	0.830000	0.860000	0.696667	0.846667	0.848333
SmallKitchenAppliances	0.506667	0.506667	0.506667	0.477333	0.6427	0.445333	0.450667	0.509333	0.506667	0.506667	0.506667	0.506667	0.506667	0.506667	0.506667	0.506667	0.506667	0.506667	0.450667	0.477333	0.498667	0.506667	0.506667	0.506667	0.506667
SonyAIBORobotSurface1	0.727121	0.727121	0.727121	0.727121	0.7255	0.584027	0.727121	0.727121	0.727121	0.727121	0.727121	0.727121	0.727121	0.727121	0.727121	0.727121	0.727121	0.727121	0.595674	0.660566	0.710483	0.705491	0.727121	0.727121	0.727121
SonyAIBORobotSurface2	0.866737	0.866737	0.866737	0.866737	0.8311	0.766002	0.858342	0.868835	0.865687	0.866737	0.866737	0.866737	0.866737	0.866737	0.866737	0.866737	0.866737	0.866737	0.886674	0.855194	0.849948	0.847849	0.866737	0.866737	0.866737
StarLightCurves	0.868383	0.868383	0.868383	0.868383	0.9066	0.860248	0.868261	0.868261	0.868383	0.868383	0.868383	0.868383	0.868383	0.868383	0.868383	0.868383	0.868383	0.868383	0.860855	0.860976	0.863769	0.868140	0.850413	0.859155	0.868383
Strawberry	0.948649	0.948649	0.948649	0.948649	0.9405	0.948649	0.948649	0.948649	0.948649	0.948649	0.948649	0.948649	0.948649	0.948649	0.948649	0.948649	0.948649	0.948649	0.924324	0.864865	0.943243	0.948649	0.948649	0.948649	0.948649
SwedishLeaf	0.897600	0.897600	0.897600	0.897600	0.792	0.830400	0.900800	0.897600	0.897600	0.897600	0.897600	0.897600	0.897600	0.897600	0.897600	0.897600	0.897600	0.897600	0.820800	0.860800	0.876800	0.896000	0.832000	0.876800	0.902400
Symbols	0.962814	0.962814	0.962814	0.962814	0.9497	0.876382	0.945729	0.955779	0.962814	0.962814	0.962814	0.962814	0.962814	0.962814	0.962814	0.962814	0.962814	0.962814	0.884422	0.912563	0.940704	0.959799	0.818090	0.960804	0.936683
SyntheticControl	0.976667	0.976667	0.976667	0.976667	0.9933	0.763333	0.906667	0.970000	0.976667	0.976667	0.976667	0.976667	0.976667	0.976667	0.976667	0.976667	0.976667	0.976667	0.793333	0.810000	0.826667	0.840000	0.976667	0.976667	0.976667
ToeSegmentation1	0.837719	0.837719	0.837719	0.837719	0.7719	0.732456	0.745614	0.811404	0.842105	0.837719	0.837719	0.837719	0.837719	0.837719	0.837719	0.837719	0.837719	0.837719	0.763158	0.767544	0.767544	0.798246	0.798246	0.837719	0.837719
ToeSegmentation2	0.953846	0.953846	0.953846	0.953846	0.8385	0.892308	0.915385	0.953846	0.969231	0.953846	0.953846	0.953846	0.953846	0.953846	0.953846	0.953846	0.953846	0.953846	0.892308	0.884615	0.946154	0.938462	0.938462	0.953846	0.953846
Trace	0.850000	0.850000	0.850000	0.850000	1	0.820000	0.850000	0.850000	0.850000	0.850000	0.850000	0.850000	0.850000	0.850000	0.850000	0.850000	0.850000	0.850000	0.820000	0.840000	0.870000	0.850000	0.810000	0.820000	0.850000
TwoLeadECG	0.878841	0.878841	0.878841	0.878841	0.9043	0.667252	0.877963	0.878841	0.878841	0.878841	0.878841	0.878841	0.878841	0.878841	0.878841	0.878841	0.878841	0.878841	0.773486	0.799824	0.816506	0.872695	0.736611	0.812994	0.869183
TwoPatterns	0.999500	0.999500	0.999500	0.999500	1	0.884000	0.994000	0.998750	0.999500	0.999500	0.999500	0.999500	0.999500	0.999500	0.999500	0.999500	0.999500	0.999500	0.879000	0.949500	0.987250	0.997500	0.997500	0.999500	0.999500
UWaveGestureLibraryAll	0.962032	0.962032	0.962032	0.962032	0.8917	0.948074	0.962032	0.959799	0.961753	0.962032	0.962032	0.962032	0.962032	0.962032	0.962032	0.962032	0.962032	0.962032	0.950028	0.954774	0.960916	0.957566	0.959799	0.962032	0.962032
UWaveGestureLibraryX	0.774707	0.774707	0.774707	0.774707	0.7275	0.723618	0.754886	0.773032	0.774149	0.774707	0.774707	0.774707	0.774707	0.774707	0.774707	0.774707	0.774707	0.774707	0.723339	0.734506	0.759911	0.772473	0.756002	0.773869	0.773590
UWaveGestureLibraryY	0.700726	0.700726	0.701005	0.701005	0.634	0.644333	0.693467	0.704913	0.700726	0.700726	0.700726	0.700726	0.700726	0.700726	0.700726	0.700726	0.700726	0.700726	0.647125	0.667225	0.686209	0.693188	0.676717	0.702122	0.698213
UWaveGestureLibraryZ	0.697934	0.697934	0.698213	0.698213	0.6583	0.645449	0.678392	0.699051	0.697097	0.697934	0.697934	0.697934	0.697934	0.697934	0.697934	0.697934	0.697934	0.697934	0.644612	0.661083	0.682300	0.694584	0.663037	0.690396	0.698492
Wafer	0.990915	0.990915	0.990915	0.990266	0.9799	0.993348	0.992213	0.991077	0.991077	0.990915	0.990915	0.990915	0.990915	0.990915	0.990915	0.990915	0.990915	0.990915	0.992375	0.993024	0.992862	0.989942	0.991564	0.990915	0.990591
Wine	0.648148	0.648148	0.648148	0.648148	0.5741	0.648148	0.648148	0.648148	0.648148	0.648148	0.648148	0.648148	0.648148	0.648148	0.648148	0.648148	0.648148	0.648148	0.648148	0.648148	0.666667	0.648148	0.648148	0.648148	0.648148
WordSynonyms	0.766458	0.766458	0.766458	0.766458	0.6489	0.611285	0.744514	0.769592	0.766458	0.766458	0.766458	0.766458	0.766458	0.766458	0.766458	0.766458	0.766458	0.766458	0.634796	0.691223	0.744514	0.747649	0.688088	0.764890	0.766458
Worms	0.584416	0.584416	0.584416	0.584416	0.5844	0.441558	0.519481	0.571429	0.597403	0.584416	0.584416	0.584416	0.584416	0.584416	0.584416	0.584416	0.584416	0.584416	0.428571	0.506494	0.506494	0.545455	0.545455	0.584416	0.597403
WormsTwoClass	0.688312	0.688312	0.688312	0.688312	0.6234	0.597403	0.649351	0.701299	0.701299	0.688312	0.688312	0.688312	0.688312	0.688312	0.688312	0.688312	0.688312	0.688312	0.571429	0.662338	0.662338	0.662338	0.675325	0.688312	0.701299
Yoga	0.870333	0.870333	0.870333	0.870333	0.8363	0.847667	0.874000	0.871667	0.870333	0.870333	0.870333	0.870333	0.870333	0.870333	0.870333	0.870333	0.870333	0.870333	0.858333	0.845000	0.869667	0.869667	0.774667	0.795333	0.870000
ACSF1	0.830000	0.830000	0.830000	0.830000	0.64	0.840000	0.830000	0.830000	0.830000	0.830000	0.830000	0.830000	0.830000	0.830000	0.830000	0.830000	0.830000	0.830000	0.840000	0.180000	0.830000	0.830000	0.830000	0.830000	0.830000
BME	0.826667	0.826667	0.826667	0.826667	0.9	0.766667	0.846667	0.826667	0.826667	0.826667	0.826667	0.826667	0.826667	0.826667	0.826667	0.826667	0.826667	0.826667	0.720000	0.753333	0.833333	0.840000	0.813333	0.826667	0.826667
Crop	0.727679	0.727679	0.727679	0.727679	0.6652	0.564405	0.727679	0.727679	0.727679	0.727679	0.727679	0.727679	0.727679	0.727679	0.727679	0.727679	0.727679	0.727679	0.593155	0.588155	0.596369	0.730714	0.727679	0.727679	0.727679
EOGHorizontalSignal	0.345304	0.345304	0.345304	0.345304	0.5028	0.096685	0.082873	0.082873	0.077348	0.312155	0.345304	0.345304	0.345304	0.345304	0.284530	0.284530	0.284530	0.284530	0.091160	0.091160	0.085635	0.088398	0.345304	0.345304	0.345304
EOGVerticalSignal	0.328729	0.328729	0.328729	0.328729	0.4475	0.091160	0.093923	0.096685	0.085635	0.187845	0.328729	0.328729	0.328729	0.328729	0.262431	0.262431	0.262431	0.262431	0.099448	0.099448	0.102210	0.085635	0.328729	0.328729	0.328729
EthanolLevel	0.312000	0.312000	0.312000	0.312000	0.276	0.314000	0.312000	0.312000	0.312000	0.312000	0.312000	0.312000	0.312000	0.312000	0.312000	0.312000	0.312000	0.312000	0.288000	0.300000	0.300000	0.310000	0.286000	0.286000	0.312000
FreezerRegularTrain	0.934386	0.934386	0.934386	0.934386	0.8989	0.934035	0.934737	0.935088	0.935088	0.934386	0.934386	0.934386	0.934386	0.934386	0.934386	0.934386	0.934386	0.934386	0.916140	0.934035	0.941404	0.937193	0.934386	0.934386	0.934386
FreezerSmallTrain	0.708772	0.708772	0.708772	0.708772	0.7589	0.707368	0.708421	0.708421	0.708421	0.708772	0.708772	0.708772	0.708772	0.708772	0.708772	0.708772	0.708772	0.708772	0.731930	0.721404	0.711930	0.714386	0.708772	0.708772	0.708772
Fungi	0.903226	0.903226	0.903226	0.838710	0.8387	0.817204	0.774194	0.784946	0.854839	0.903226	0.903226	0.903226	0.903226	0.903226	0.903226	0.903226	0.903226	0.903226	0.865591	0.623656	0.801075	0.779570	0.903226	0.903226	0.903226
GunPointAgeSpan	0.993671	0.993671	0.993671	0.990506	0.9177	0.886076	0.965190	0.943038	0.648734	0.968354	0.993671	0.993671	0.993671	0.993671	0.993671	0.993671	0.993671	0.993671	0.914557	0.955696	0.962025	0.613924	0.993671	0.993671	0.993671
GunPointMaleVersusFemale	0.981013	0.981013	0.981013	0.981013	0.9968	0.981013	0.984177	0.927215	0.813291	0.939873	0.981013	0.981013	0.981013	0.981013	0.981013	0.981013	0.981013	0.981013	0.981013	0.987342	0.990506	0.768987	0.981013	0.981013	0.981013
GunPointOldVersusYoung	1.000000	1.000000	1.000000	1.000000	0.8381	0.974603	0.993651	0.990476	0.990476	1	1.000000	1.000000	1.000000	1.000000	1.000000	1.000000	1.000000	1.000000	0.971429	0.984127	0.984127	0.888889	1.000000	1.000000	1.000000
HouseTwenty	0.840336	0.840336	0.840336	0.840336	0.9244	0.756303	0.705882	0.672269	0.630252	0.798319	0.840336	0.840336	0.840336	0.840336	0.806723	0.806723	0.806723	0.806723	0.773109	0.773109	0.705882	0.605042	0.840336	0.840336	0.840336
InsectEPGRegularTrain	1.000000	1.000000	1.000000	1.000000	0.8715	1	1.000000	1.000000	1.000000	1	1.000000	1.000000	1.000000	1.000000	1.000000	1.000000	1.000000	1.000000	1.000000	1.000000	1.000000	1.000000	1.000000	1.000000	1.000000
InsectEPGSmallTrain	1.000000	1.000000	1.000000	1.000000	0.7349	1	1.000000	1.000000	1.000000	1	1.000000	1.000000	1.000000	1.000000	1.000000	1.000000	1.000000	1.000000	1.000000	1.000000	1.000000	1.000000	1.000000	1.000000	1.000000
MixedShapesRegularTrain	0.919175	0.919175	0.919175	0.919175	0.8416	0.889897	0.918763	0.917526	0.918763	0.919175	0.919175	0.919175	0.919175	0.919175	0.919175	0.919175	0.919175	0.919175	0.895258	0.908454	0.918763	0.912990	0.835052	0.912990	0.920000
MixedShapesSmallTrain	0.853608	0.853608	0.853608	0.853608	0.7798	0.829278	0.863505	0.860619	0.854433	0.853608	0.853608	0.853608	0.853608	0.853608	0.853608	0.853608	0.853608	0.853608	0.838763	0.852371	0.861443	0.853608	0.779381	0.845773	0.850309
PigAirwayPressure	0.360577	0.360577	0.350962	0.355769	0.1058	0.100962	0.201923	0.326923	0.360577	0.360577	0.360577	0.360577	0.360577	0.360577	0.341346	0.341346	0.341346	0.341346	0.110577	0.153846	0.192308	0.259615	0.086538	0.346154	0.144231
PigArtPressure	0.802885	0.802885	0.802885	0.798077	0.2452	0.177885	0.596154	0.649038	0.740385	0.802885	0.802885	0.802885	0.802885	0.802885	0.798077	0.798077	0.798077	0.798077	0.201923	0.293269	0.413462	0.625000	0.783654	0.802885	0.783654
PigCVP	0.711538	0.711538	0.716346	0.716346	0.1538	0.211538	0.408654	0.485577	0.634615	0.711538	0.711538	0.711538	0.711538	0.711538	0.711538	0.711538	0.711538	0.711538	0.230769	0.317308	0.418269	0.668269	0.379808	0.711538	0.625000
PowerCons	0.938889	0.938889	0.938889	0.938889	0.8778	0.827778	0.888889	0.905556	0.938889	0.938889	0.938889	0.938889	0.938889	0.938889	0.938889	0.938889	0.938889	0.938889	0.811111	0.855556	0.905556	0.950000	0.938889	0.938889	0.938889
Rock	0.720000	0.720000	0.720000	0.720000	0.6	0.600000	0.600000	0.660000	0.640000	0.700000	0.720000	0.720000	0.720000	0.720000	0.720000	0.720000	0.720000	0.720000	0.600000	0.620000	0.680000	0.640000	0.720000	0.720000	0.720000
SemgHandGenderCh2	0.896667	0.896667	0.896667	0.896667	0.8017	0.650000	0.650000	0.650000	0.660000	0.845000	0.896667	0.896667	0.896667	0.896667	0.896667	0.896667	0.896667	0.896667	0.650000	0.650000	0.650000	0.650000	0.896667	0.896667	0.896667
SemgHandMovementCh2	0.668889	0.668889	0.668889	0.668889	0.5844	0.166667	0.168889	0.191111	0.240000	0.551111	0.668889	0.668889	0.668889	0.668889	0.668889	0.668889	0.668889	0.668889	0.168889	0.166667	0.166667	0.166667	0.668889	0.668889	0.668889
SemgHandSubjectCh2	0.808889	0.808889	0.808889	0.808889	0.7267	0.200000	0.200000	0.215556	0.268889	0.648889	0.808889	0.808889	0.808889	0.808889	0.808889	0.808889	0.808889	0.808889	0.202222	0.200000	0.200000	0.200000	0.808889	0.808889	0.808889
SmoothSubspace	0.993333	0.993333	0.993333	0.993333	0.8267	0.646667	0.993333	0.993333	0.993333	0.993333	0.993333	0.993333	0.993333	0.993333	0.993333	0.993333	0.993333	0.993333	0.720000	0.673333	0.706667	0.980000	0.993333	0.993333	0.993333
UMD	0.763889	0.763889	0.763889	0.763889	0.9931	0.722222	0.770833	0.763889	0.763889	0.763889	0.763889	0.763889	0.763889	0.763889	0.763889	0.763889	0.763889	0.763889	0.687500	0.548611	0.784722	0.763889	0.756944	0.763889	0.763889
